[0, 64, 35, 82, 61, 69, 11, 29, 82, 56, 57, 75, 67, 20, 74, 88, 100, 64, 95, 70, 49, 34, 37, 4, 57]
[64, 0, 47, 32, 99, 41, 20, 25, 12, 1, 35, 16, 69, 1, 13, 34, 100, 12, 46, 20, 92, 29, 72, 30, 16]
[35, 47, 0, 89, 43, 29, 45, 9, 9, 30, 89, 53, 87, 46, 18, 68, 3, 39, 3, 29, 33, 74, 13, 25, 33]
[82, 32, 89, 0, 11, 87, 13, 43, 89, 44, 75, 88, 17, 2, 33, 54, 9, 21, 23, 4, 66, 85, 21, 64, 94]
[61, 99, 43, 11, 0, 72, 45, 78, 78, 35, 59, 80, 64, 76, 49, 60, 57, 56, 65, 67, 70, 26, 86, 37, 64]
[69, 41, 29, 87, 72, 0, 41, 78, 43, 56, 17, 90, 74, 88, 32, 74, 86, 26, 7, 78, 16, 32, 56, 91, 28]
[11, 20, 45, 13, 45, 41, 0, 55, 89, 90, 35, 16, 67, 53, 44, 54, 82, 15, 31, 37, 13, 39, 30, 87, 22]
[29, 25, 9, 43, 78, 78, 55, 0, 83, 14, 80, 81, 39, 61, 5, 99, 73, 85, 75, 84, 72, 32, 63, 60, 47]
[82, 12, 9, 89, 78, 43, 89, 83, 0, 26, 27, 70, 12, 84, 81, 51, 2, 12, 91, 43, 9, 7, 51, 82, 50]
[56, 1, 30, 44, 35, 56, 90, 14, 26, 0, 69, 64, 48, 69, 67, 61, 40, 2, 40, 49, 4, 72, 97, 82, 80]
[57, 35, 89, 75, 59, 17, 35, 80, 27, 69, 0, 55, 98, 29, 7, 12, 41, 21, 90, 42, 14, 64, 70, 69, 8]
[75, 16, 53, 88, 80, 90, 16, 81, 70, 64, 55, 0, 67, 21, 11, 52, 45, 17, 76, 6, 39, 24, 7, 72, 14]
[67, 69, 87, 17, 64, 74, 67, 39, 12, 48, 98, 67, 0, 93, 83, 16, 70, 7, 4, 19, 81, 31, 68, 15, 11]
[20, 1, 46, 2, 76, 88, 53, 61, 84, 69, 29, 21, 93, 0, 31, 47, 83, 19, 20, 69, 63, 15, 40, 28, 98]
[74, 13, 18, 33, 49, 32, 44, 5, 81, 67, 7, 11, 83, 31, 0, 7, 88, 4, 64, 62, 60, 90, 64, 5, 47]
[88, 34, 68, 54, 60, 74, 54, 99, 51, 61, 12, 52, 16, 47, 7, 0, 67, 40, 52, 37, 33, 36, 16, 46, 52]
[100, 100, 3, 9, 57, 86, 82, 73, 2, 40, 41, 45, 70, 83, 88, 67, 0, 88, 56, 17, 38, 93, 21, 4, 80]
[64, 12, 39, 21, 56, 26, 15, 85, 12, 2, 21, 17, 7, 19, 4, 40, 88, 0, 45, 15, 86, 49, 22, 25, 4]
[95, 46, 3, 23, 65, 7, 31, 75, 91, 40, 90, 76, 4, 20, 64, 52, 56, 45, 0, 41, 79, 98, 99, 12, 6]
[70, 20, 29, 4, 67, 78, 37, 84, 43, 49, 42, 6, 19, 69, 62, 37, 17, 15, 41, 0, 32, 1, 43, 29, 49]
[49, 92, 33, 66, 70, 16, 13, 72, 9, 4, 14, 39, 81, 63, 60, 33, 38, 86, 79, 32, 0, 94, 65, 19, 61]
[34, 29, 74, 85, 26, 32, 39, 32, 7, 72, 64, 24, 31, 15, 90, 36, 93, 49, 98, 1, 94, 0, 26, 14, 77]
[37, 72, 13, 21, 86, 56, 30, 63, 51, 97, 70, 7, 68, 40, 64, 16, 21, 22, 99, 43, 65, 26, 0, 91, 41]
[4, 30, 25, 64, 37, 91, 87, 60, 82, 82, 69, 72, 15, 28, 5, 46, 4, 25, 12, 29, 19, 14, 91, 0, 55]
[57, 16, 33, 94, 64, 28, 22, 47, 50, 80, 8, 14, 11, 98, 47, 52, 80, 4, 6, 49, 61, 77, 41, 55, 0]
Best start:  3
Cost: 238
Path: [3, 13, 1, 9, 17, 14, 7, 2, 16, 8, 21, 19, 11, 22, 15, 10, 24, 18, 12, 23, 0, 6, 20, 5, 4]
reference value not found in .env
