[0, 50, 63, 64, 32, 8, 63, 25, 45, 52, 24, 47, 48, 24, 29, 77, 16, 54, 35, 35, 36, 33, 44, 61, 26]
[50, 0, 17, 22, 71, 47, 19, 75, 46, 50, 53, 76, 6, 41, 78, 39, 50, 42, 81, 42, 29, 80, 33, 14, 36]
[63, 17, 0, 31, 79, 61, 4, 88, 46, 48, 61, 80, 16, 57, 92, 23, 65, 57, 91, 45, 33, 95, 33, 3, 52]
[64, 22, 31, 0, 90, 59, 34, 89, 68, 72, 73, 97, 28, 47, 89, 53, 59, 32, 98, 63, 50, 90, 55, 28, 42]
[32, 71, 79, 90, 0, 40, 77, 29, 41, 45, 18, 18, 67, 56, 39, 85, 47, 85, 16, 35, 46, 47, 49, 78, 58]
[8, 47, 61, 59, 40, 0, 61, 30, 49, 56, 30, 54, 45, 17, 32, 77, 9, 47, 42, 39, 37, 34, 46, 59, 19]
[63, 19, 4, 34, 77, 61, 0, 87, 43, 45, 59, 78, 17, 59, 92, 20, 66, 60, 90, 43, 32, 95, 30, 6, 54]
[25, 75, 88, 89, 29, 30, 87, 0, 62, 68, 36, 47, 73, 44, 10, 100, 33, 74, 19, 53, 58, 18, 65, 86, 48]
[45, 46, 46, 68, 41, 49, 43, 62, 0, 7, 26, 36, 40, 59, 70, 45, 58, 79, 57, 10, 19, 77, 13, 46, 57]
[52, 50, 48, 72, 45, 56, 45, 68, 7, 0, 32, 38, 45, 66, 76, 44, 65, 85, 62, 17, 25, 83, 18, 49, 64]
[24, 53, 61, 73, 18, 30, 59, 36, 26, 32, 0, 26, 49, 45, 44, 68, 40, 72, 32, 19, 28, 51, 32, 60, 45]
[47, 76, 80, 97, 18, 54, 78, 47, 36, 38, 26, 0, 71, 70, 57, 82, 63, 98, 32, 35, 48, 65, 48, 81, 71]
[48, 6, 16, 28, 67, 45, 17, 73, 40, 45, 49, 71, 0, 42, 77, 36, 49, 46, 78, 36, 23, 79, 27, 14, 37]
[24, 41, 57, 47, 56, 17, 59, 44, 59, 66, 45, 70, 42, 0, 43, 77, 12, 30, 58, 49, 43, 43, 52, 55, 5]
[29, 78, 92, 89, 39, 32, 92, 10, 70, 76, 44, 57, 77, 43, 0, 106, 31, 71, 28, 61, 64, 8, 72, 90, 48]
[77, 39, 23, 53, 85, 77, 20, 100, 45, 44, 68, 82, 36, 77, 106, 0, 83, 80, 100, 50, 42, 110, 36, 26, 72]
[16, 50, 65, 59, 47, 9, 66, 33, 58, 65, 40, 63, 49, 12, 31, 83, 0, 41, 47, 48, 45, 31, 54, 63, 16]
[54, 42, 57, 32, 85, 47, 60, 74, 79, 85, 72, 98, 46, 30, 71, 80, 41, 0, 88, 71, 60, 69, 68, 54, 28]
[35, 81, 91, 98, 16, 42, 90, 19, 57, 62, 32, 32, 78, 58, 28, 100, 47, 88, 0, 50, 59, 36, 64, 90, 61]
[35, 42, 45, 63, 35, 39, 43, 53, 10, 17, 19, 35, 36, 49, 61, 50, 48, 71, 50, 0, 13, 67, 14, 45, 47]
[36, 29, 33, 50, 46, 37, 32, 58, 19, 25, 28, 48, 23, 43, 64, 42, 45, 60, 59, 13, 0, 69, 9, 33, 40]
[33, 80, 95, 90, 47, 34, 95, 18, 77, 83, 51, 65, 79, 43, 8, 110, 31, 69, 36, 67, 69, 0, 77, 93, 47]
[44, 33, 33, 55, 49, 46, 30, 65, 13, 18, 32, 48, 27, 52, 72, 36, 54, 68, 64, 14, 9, 77, 0, 33, 49]
[61, 14, 3, 28, 78, 59, 6, 86, 46, 49, 60, 81, 14, 55, 90, 26, 63, 54, 90, 45, 33, 93, 33, 0, 50]
[26, 36, 52, 42, 58, 19, 54, 48, 57, 64, 45, 71, 37, 5, 48, 72, 16, 28, 61, 47, 40, 47, 49, 50, 0]
Best start:  10
Cost: 416
Path: [10, 4, 18, 7, 14, 21, 16, 5, 0, 13, 24, 17, 3, 1, 12, 23, 2, 6, 15, 22, 20, 19, 8, 9, 11]
reference value not found in .env
